55
56
56
55
56
55
56
54
56
56
25
28
20
26
25
26
25
28
24
25
24
29
28
25
30
24
26
24
27
27
27
29
31
29
32
28
28
31
32
31
31
30
28
29
28
30
32
31
33
33
32
34
31
34
33
30
34
35
31
32
34
33
33
34
30
33
31
34
33
33
20
23
22
21
17
22
20
22
25
25
23
23
24
20
15
21
22
22
21
22
24
26
27
24
29
25
27
23
25
24
26
26
28
25
26
23
26
25
24
25
27
28
27
26
28
28
27
28
28
26
28
28
28
28
27
26
28
30
30
26
16
16
17
19
16
20
15
19
17
16
17
17
17
20
16
19
20
20
16
18
19
20
22
20
21
22
22
22
19
21
21
21
21
22
21
18
19
19
21
21
21
22
23
21
22
21
23
23
22
22
23
20
21
21
21
24
24
22
22
24
47
48
46
49
54
49
54
51
58
55
53
52
46
47
47
52
46
55
45
51
60
57
59
65
62
61
64
62
62
63
64
59
62
61
60
62
59
63
61
62
65
64
67
69
65
66
63
65
65
65
64
66
65
65
70
60
66
64
70
64
41
46
40
42
40
47
44
44
44
42
41
46
43
42
47
45
46
41
43
39
50
52
51
50
50
47
51
51
48
52
49
50
51
50
49
49
51
49
53
52
52
54
56
55
55
54
55
55
54
55
54
53
55
56
55
54
55
53
52
53
35
35
35
37
34
35
33
35
34
33
36
35
31
32
35
35
34
33
36
35
41
42
41
41
39
39
41
38
44
43
42
41
43
41
44
41
41
40
43
43
43
45
42
43
46
44
44
43
44
42
46
45
43
44
45
44
46
42
42
45
101
109
97
105
97
106
106
102
98
104
100
97
102
93
98
106
96
98
99
100
118
115
119
126
123
117
125
122
119
120
115
127
123
125
120
119
123
118
120
123
134
131
130
133
127
128
131
128
127
130
131
132
132
127
126
130
133
129
129
131
89
82
84
84
85
87
87
86
87
86
77
89
84
87
82
88
82
82
89
83
103
99
101
103
108
103
100
107
99
103
103
102
104
102
102
102
101
103
102
102
106
106
114
107
104
107
112
106
107
109
109
108
109
108
106
111
110
112
109
110
66
71
69
63
68
69
65
69
68
65
63
68
71
69
66
72
73
66
68
70
84
81
82
79
79
81
81
82
79
83
83
82
83
77
82
80
76
79
80
79
89
87
88
87
85
84
92
84
91
87
89
88
87
86
87
85
87
87
84
84
240
258
241
245
259
260
254
249
256
270
249
254
245
251
254
259
260
252
256
252
301
305
299
304
296
303
294
298
291
297
297
300
306
298
302
300
303
303
299
303
331
320
325
322
333
319
328
328
328
332
332
323
326
326
320
329
324
332
323
319
210
211
213
200
215
203
211
214
209
202
210
209
217
210
212
212
210
212
210
212
251
250
247
253
252
256
249
249
253
253
253
255
252
256
249
256
252
251
257
251
273
265
270
273
270
278
271
273
270
278
271
276
270
277
272
277
271
273
272
269
164
165
166
158
165
164
169
170
167
169
164
163
167
176
169
167
176
167
168
173
203
203
201
201
200
209
201
201
198
204
204
201
198
198
209
202
199
194
196
195
216
214
217
215
218
219
222
219
223
213
214
217
215
223
225
218
221
213
216
215
